4.365625000000000000e+01
4.365625000000000000e+01
4.365625000000000000e+01
4.365625000000000000e+01
4.365625000000000000e+01
4.365625000000000000e+01
4.365625000000000000e+01
4.365625000000000000e+01
4.365625000000000000e+01
4.365625000000000000e+01
4.365625000000000000e+01
4.365625000000000000e+01
4.365625000000000000e+01
4.365625000000000000e+01
4.365625000000000000e+01
4.365625000000000000e+01
4.365625000000000000e+01
4.365625000000000000e+01
4.365625000000000000e+01
4.365625000000000000e+01
4.365625000000000000e+01
4.365625000000000000e+01
4.365625000000000000e+01
4.365625000000000000e+01
4.365625000000000000e+01
4.365625000000000000e+01
4.365625000000000000e+01
4.365625000000000000e+01
4.365625000000000000e+01
4.365625000000000000e+01
4.365625000000000000e+01
4.365625000000000000e+01
4.371875000000000000e+01
4.371875000000000000e+01
4.371875000000000000e+01
4.371875000000000000e+01
4.371875000000000000e+01
4.371875000000000000e+01
4.371875000000000000e+01
4.371875000000000000e+01
4.371875000000000000e+01
4.371875000000000000e+01
4.371875000000000000e+01
4.371875000000000000e+01
4.371875000000000000e+01
4.371875000000000000e+01
4.371875000000000000e+01
4.371875000000000000e+01
4.371875000000000000e+01
4.371875000000000000e+01
4.371875000000000000e+01
4.371875000000000000e+01
4.371875000000000000e+01
4.371875000000000000e+01
4.371875000000000000e+01
4.371875000000000000e+01
4.371875000000000000e+01
4.371875000000000000e+01
4.371875000000000000e+01
4.371875000000000000e+01
4.371875000000000000e+01
4.371875000000000000e+01
4.371875000000000000e+01
4.371875000000000000e+01
4.378125000000000000e+01
4.378125000000000000e+01
4.378125000000000000e+01
4.378125000000000000e+01
4.378125000000000000e+01
4.378125000000000000e+01
4.378125000000000000e+01
4.378125000000000000e+01
4.378125000000000000e+01
4.378125000000000000e+01
4.378125000000000000e+01
4.378125000000000000e+01
4.378125000000000000e+01
4.378125000000000000e+01
4.378125000000000000e+01
4.378125000000000000e+01
4.378125000000000000e+01
4.378125000000000000e+01
4.378125000000000000e+01
4.378125000000000000e+01
4.378125000000000000e+01
4.378125000000000000e+01
4.378125000000000000e+01
4.378125000000000000e+01
4.378125000000000000e+01
4.378125000000000000e+01
4.378125000000000000e+01
4.378125000000000000e+01
4.378125000000000000e+01
4.378125000000000000e+01
4.378125000000000000e+01
4.378125000000000000e+01
4.384375000000000000e+01
4.384375000000000000e+01
4.384375000000000000e+01
4.384375000000000000e+01
4.384375000000000000e+01
4.384375000000000000e+01
4.384375000000000000e+01
4.384375000000000000e+01
4.384375000000000000e+01
4.384375000000000000e+01
4.384375000000000000e+01
4.384375000000000000e+01
4.384375000000000000e+01
4.384375000000000000e+01
4.384375000000000000e+01
4.384375000000000000e+01
4.384375000000000000e+01
4.384375000000000000e+01
4.384375000000000000e+01
4.384375000000000000e+01
4.384375000000000000e+01
4.384375000000000000e+01
4.384375000000000000e+01
4.384375000000000000e+01
4.384375000000000000e+01
4.384375000000000000e+01
4.384375000000000000e+01
4.384375000000000000e+01
4.384375000000000000e+01
4.384375000000000000e+01
4.384375000000000000e+01
4.384375000000000000e+01
4.390625000000000000e+01
4.390625000000000000e+01
4.390625000000000000e+01
4.390625000000000000e+01
4.390625000000000000e+01
4.390625000000000000e+01
4.390625000000000000e+01
4.390625000000000000e+01
4.390625000000000000e+01
4.390625000000000000e+01
4.390625000000000000e+01
4.390625000000000000e+01
4.390625000000000000e+01
4.390625000000000000e+01
4.390625000000000000e+01
4.390625000000000000e+01
4.390625000000000000e+01
4.390625000000000000e+01
4.390625000000000000e+01
4.390625000000000000e+01
4.390625000000000000e+01
4.390625000000000000e+01
4.390625000000000000e+01
4.390625000000000000e+01
4.390625000000000000e+01
4.390625000000000000e+01
4.390625000000000000e+01
4.390625000000000000e+01
4.390625000000000000e+01
4.390625000000000000e+01
4.390625000000000000e+01
4.390625000000000000e+01
4.396875000000000000e+01
4.396875000000000000e+01
4.396875000000000000e+01
4.396875000000000000e+01
4.396875000000000000e+01
4.396875000000000000e+01
4.396875000000000000e+01
4.396875000000000000e+01
4.396875000000000000e+01
4.396875000000000000e+01
4.396875000000000000e+01
4.396875000000000000e+01
4.396875000000000000e+01
4.396875000000000000e+01
4.396875000000000000e+01
4.396875000000000000e+01
4.396875000000000000e+01
4.396875000000000000e+01
4.396875000000000000e+01
4.396875000000000000e+01
4.396875000000000000e+01
4.396875000000000000e+01
4.396875000000000000e+01
4.396875000000000000e+01
4.396875000000000000e+01
4.396875000000000000e+01
4.396875000000000000e+01
4.396875000000000000e+01
4.396875000000000000e+01
4.396875000000000000e+01
4.396875000000000000e+01
4.396875000000000000e+01
4.403125000000000000e+01
4.403125000000000000e+01
4.403125000000000000e+01
4.403125000000000000e+01
4.403125000000000000e+01
4.403125000000000000e+01
4.403125000000000000e+01
4.403125000000000000e+01
4.403125000000000000e+01
4.403125000000000000e+01
4.403125000000000000e+01
4.403125000000000000e+01
4.403125000000000000e+01
4.403125000000000000e+01
4.403125000000000000e+01
4.403125000000000000e+01
4.403125000000000000e+01
4.403125000000000000e+01
4.403125000000000000e+01
4.403125000000000000e+01
4.403125000000000000e+01
4.403125000000000000e+01
4.403125000000000000e+01
4.403125000000000000e+01
4.403125000000000000e+01
4.403125000000000000e+01
4.403125000000000000e+01
4.403125000000000000e+01
4.403125000000000000e+01
4.403125000000000000e+01
4.403125000000000000e+01
4.403125000000000000e+01
4.409375000000000000e+01
4.409375000000000000e+01
4.409375000000000000e+01
4.409375000000000000e+01
4.409375000000000000e+01
4.409375000000000000e+01
4.409375000000000000e+01
4.409375000000000000e+01
4.409375000000000000e+01
4.409375000000000000e+01
4.409375000000000000e+01
4.409375000000000000e+01
4.409375000000000000e+01
4.409375000000000000e+01
4.409375000000000000e+01
4.409375000000000000e+01
4.409375000000000000e+01
4.409375000000000000e+01
4.409375000000000000e+01
4.409375000000000000e+01
4.409375000000000000e+01
4.409375000000000000e+01
4.409375000000000000e+01
4.409375000000000000e+01
4.409375000000000000e+01
4.409375000000000000e+01
4.409375000000000000e+01
4.409375000000000000e+01
4.409375000000000000e+01
4.409375000000000000e+01
4.409375000000000000e+01
4.409375000000000000e+01
4.415625000000000000e+01
4.415625000000000000e+01
4.415625000000000000e+01
4.415625000000000000e+01
4.415625000000000000e+01
4.415625000000000000e+01
4.415625000000000000e+01
4.415625000000000000e+01
4.415625000000000000e+01
4.415625000000000000e+01
4.415625000000000000e+01
4.415625000000000000e+01
4.415625000000000000e+01
4.415625000000000000e+01
4.415625000000000000e+01
4.415625000000000000e+01
4.415625000000000000e+01
4.415625000000000000e+01
4.415625000000000000e+01
4.415625000000000000e+01
4.415625000000000000e+01
4.415625000000000000e+01
4.415625000000000000e+01
4.415625000000000000e+01
4.415625000000000000e+01
4.415625000000000000e+01
4.415625000000000000e+01
4.415625000000000000e+01
4.415625000000000000e+01
4.415625000000000000e+01
4.415625000000000000e+01
4.415625000000000000e+01
4.421875000000000000e+01
4.421875000000000000e+01
4.421875000000000000e+01
4.421875000000000000e+01
4.421875000000000000e+01
4.421875000000000000e+01
4.421875000000000000e+01
4.421875000000000000e+01
4.421875000000000000e+01
4.421875000000000000e+01
4.421875000000000000e+01
4.421875000000000000e+01
4.421875000000000000e+01
4.421875000000000000e+01
4.421875000000000000e+01
4.421875000000000000e+01
4.421875000000000000e+01
4.421875000000000000e+01
4.421875000000000000e+01
4.421875000000000000e+01
4.421875000000000000e+01
4.421875000000000000e+01
4.421875000000000000e+01
4.421875000000000000e+01
4.421875000000000000e+01
4.421875000000000000e+01
4.421875000000000000e+01
4.421875000000000000e+01
4.421875000000000000e+01
4.421875000000000000e+01
4.421875000000000000e+01
4.421875000000000000e+01
4.428125000000000000e+01
4.428125000000000000e+01
4.428125000000000000e+01
4.428125000000000000e+01
4.428125000000000000e+01
4.428125000000000000e+01
4.428125000000000000e+01
4.428125000000000000e+01
4.428125000000000000e+01
4.428125000000000000e+01
4.428125000000000000e+01
4.428125000000000000e+01
4.428125000000000000e+01
4.428125000000000000e+01
4.428125000000000000e+01
4.428125000000000000e+01
4.428125000000000000e+01
4.428125000000000000e+01
4.428125000000000000e+01
4.428125000000000000e+01
4.428125000000000000e+01
4.428125000000000000e+01
4.428125000000000000e+01
4.428125000000000000e+01
4.428125000000000000e+01
4.428125000000000000e+01
4.428125000000000000e+01
4.428125000000000000e+01
4.428125000000000000e+01
4.428125000000000000e+01
4.428125000000000000e+01
4.428125000000000000e+01
4.434375000000000000e+01
4.434375000000000000e+01
4.434375000000000000e+01
4.434375000000000000e+01
4.434375000000000000e+01
4.434375000000000000e+01
4.434375000000000000e+01
4.434375000000000000e+01
4.434375000000000000e+01
4.434375000000000000e+01
4.434375000000000000e+01
4.434375000000000000e+01
4.434375000000000000e+01
4.434375000000000000e+01
4.434375000000000000e+01
4.434375000000000000e+01
4.434375000000000000e+01
4.434375000000000000e+01
4.434375000000000000e+01
4.434375000000000000e+01
4.434375000000000000e+01
4.434375000000000000e+01
4.434375000000000000e+01
4.434375000000000000e+01
4.434375000000000000e+01
4.434375000000000000e+01
4.434375000000000000e+01
4.434375000000000000e+01
4.434375000000000000e+01
4.434375000000000000e+01
4.434375000000000000e+01
4.434375000000000000e+01
4.440625000000000000e+01
4.440625000000000000e+01
4.440625000000000000e+01
4.440625000000000000e+01
4.440625000000000000e+01
4.440625000000000000e+01
4.440625000000000000e+01
4.440625000000000000e+01
4.440625000000000000e+01
4.440625000000000000e+01
4.440625000000000000e+01
4.440625000000000000e+01
4.440625000000000000e+01
4.440625000000000000e+01
4.440625000000000000e+01
4.440625000000000000e+01
4.440625000000000000e+01
4.440625000000000000e+01
4.440625000000000000e+01
4.440625000000000000e+01
4.440625000000000000e+01
4.440625000000000000e+01
4.440625000000000000e+01
4.440625000000000000e+01
4.440625000000000000e+01
4.440625000000000000e+01
4.440625000000000000e+01
4.440625000000000000e+01
4.440625000000000000e+01
4.440625000000000000e+01
4.440625000000000000e+01
4.440625000000000000e+01
4.446875000000000000e+01
4.446875000000000000e+01
4.446875000000000000e+01
4.446875000000000000e+01
4.446875000000000000e+01
4.446875000000000000e+01
4.446875000000000000e+01
4.446875000000000000e+01
4.446875000000000000e+01
4.446875000000000000e+01
4.446875000000000000e+01
4.446875000000000000e+01
4.446875000000000000e+01
4.446875000000000000e+01
4.446875000000000000e+01
4.446875000000000000e+01
4.446875000000000000e+01
4.446875000000000000e+01
4.446875000000000000e+01
4.446875000000000000e+01
4.446875000000000000e+01
4.446875000000000000e+01
4.446875000000000000e+01
4.446875000000000000e+01
4.446875000000000000e+01
4.446875000000000000e+01
4.446875000000000000e+01
4.446875000000000000e+01
4.446875000000000000e+01
4.446875000000000000e+01
4.446875000000000000e+01
4.446875000000000000e+01
4.453125000000000000e+01
4.453125000000000000e+01
4.453125000000000000e+01
4.453125000000000000e+01
4.453125000000000000e+01
4.453125000000000000e+01
4.453125000000000000e+01
4.453125000000000000e+01
4.453125000000000000e+01
4.453125000000000000e+01
4.453125000000000000e+01
4.453125000000000000e+01
4.453125000000000000e+01
4.453125000000000000e+01
4.453125000000000000e+01
4.453125000000000000e+01
4.453125000000000000e+01
4.453125000000000000e+01
4.453125000000000000e+01
4.453125000000000000e+01
4.453125000000000000e+01
4.453125000000000000e+01
4.453125000000000000e+01
4.453125000000000000e+01
4.453125000000000000e+01
4.453125000000000000e+01
4.453125000000000000e+01
4.453125000000000000e+01
4.453125000000000000e+01
4.453125000000000000e+01
4.453125000000000000e+01
4.453125000000000000e+01
4.459375000000000000e+01
4.459375000000000000e+01
4.459375000000000000e+01
4.459375000000000000e+01
4.459375000000000000e+01
4.459375000000000000e+01
4.459375000000000000e+01
4.459375000000000000e+01
4.459375000000000000e+01
4.459375000000000000e+01
4.459375000000000000e+01
4.459375000000000000e+01
4.459375000000000000e+01
4.459375000000000000e+01
4.459375000000000000e+01
4.459375000000000000e+01
4.459375000000000000e+01
4.459375000000000000e+01
4.459375000000000000e+01
4.459375000000000000e+01
4.459375000000000000e+01
4.459375000000000000e+01
4.459375000000000000e+01
4.459375000000000000e+01
4.459375000000000000e+01
4.459375000000000000e+01
4.459375000000000000e+01
4.459375000000000000e+01
4.459375000000000000e+01
4.459375000000000000e+01
4.459375000000000000e+01
4.459375000000000000e+01
4.465625000000000000e+01
4.465625000000000000e+01
4.465625000000000000e+01
4.465625000000000000e+01
4.465625000000000000e+01
4.465625000000000000e+01
4.465625000000000000e+01
4.465625000000000000e+01
4.465625000000000000e+01
4.465625000000000000e+01
4.465625000000000000e+01
4.465625000000000000e+01
4.465625000000000000e+01
4.465625000000000000e+01
4.465625000000000000e+01
4.465625000000000000e+01
4.465625000000000000e+01
4.465625000000000000e+01
4.465625000000000000e+01
4.465625000000000000e+01
4.465625000000000000e+01
4.465625000000000000e+01
4.465625000000000000e+01
4.465625000000000000e+01
4.465625000000000000e+01
4.465625000000000000e+01
4.465625000000000000e+01
4.465625000000000000e+01
4.465625000000000000e+01
4.465625000000000000e+01
4.465625000000000000e+01
4.465625000000000000e+01
4.471875000000000000e+01
4.471875000000000000e+01
4.471875000000000000e+01
4.471875000000000000e+01
4.471875000000000000e+01
4.471875000000000000e+01
4.471875000000000000e+01
4.471875000000000000e+01
4.471875000000000000e+01
4.471875000000000000e+01
4.471875000000000000e+01
4.471875000000000000e+01
4.471875000000000000e+01
4.471875000000000000e+01
4.471875000000000000e+01
4.471875000000000000e+01
4.471875000000000000e+01
4.471875000000000000e+01
4.471875000000000000e+01
4.471875000000000000e+01
4.471875000000000000e+01
4.471875000000000000e+01
4.471875000000000000e+01
4.471875000000000000e+01
4.471875000000000000e+01
4.471875000000000000e+01
4.471875000000000000e+01
4.471875000000000000e+01
4.471875000000000000e+01
4.471875000000000000e+01
4.471875000000000000e+01
4.471875000000000000e+01
4.478125000000000000e+01
4.478125000000000000e+01
4.478125000000000000e+01
4.478125000000000000e+01
4.478125000000000000e+01
4.478125000000000000e+01
4.478125000000000000e+01
4.478125000000000000e+01
4.478125000000000000e+01
4.478125000000000000e+01
4.478125000000000000e+01
4.478125000000000000e+01
4.478125000000000000e+01
4.478125000000000000e+01
4.478125000000000000e+01
4.478125000000000000e+01
4.478125000000000000e+01
4.478125000000000000e+01
4.478125000000000000e+01
4.478125000000000000e+01
4.478125000000000000e+01
4.478125000000000000e+01
4.478125000000000000e+01
4.478125000000000000e+01
4.478125000000000000e+01
4.478125000000000000e+01
4.478125000000000000e+01
4.478125000000000000e+01
4.478125000000000000e+01
4.478125000000000000e+01
4.478125000000000000e+01
4.478125000000000000e+01
4.484375000000000000e+01
4.484375000000000000e+01
4.484375000000000000e+01
4.484375000000000000e+01
4.484375000000000000e+01
4.484375000000000000e+01
4.484375000000000000e+01
4.484375000000000000e+01
4.484375000000000000e+01
4.484375000000000000e+01
4.484375000000000000e+01
4.484375000000000000e+01
4.484375000000000000e+01
4.484375000000000000e+01
4.484375000000000000e+01
4.484375000000000000e+01
4.484375000000000000e+01
4.484375000000000000e+01
4.484375000000000000e+01
4.484375000000000000e+01
4.484375000000000000e+01
4.484375000000000000e+01
4.484375000000000000e+01
4.484375000000000000e+01
4.484375000000000000e+01
4.484375000000000000e+01
4.484375000000000000e+01
4.484375000000000000e+01
4.484375000000000000e+01
4.484375000000000000e+01
4.484375000000000000e+01
4.484375000000000000e+01
4.490625000000000000e+01
4.490625000000000000e+01
4.490625000000000000e+01
4.490625000000000000e+01
4.490625000000000000e+01
4.490625000000000000e+01
4.490625000000000000e+01
4.490625000000000000e+01
4.490625000000000000e+01
4.490625000000000000e+01
4.490625000000000000e+01
4.490625000000000000e+01
4.490625000000000000e+01
4.490625000000000000e+01
4.490625000000000000e+01
4.490625000000000000e+01
4.490625000000000000e+01
4.490625000000000000e+01
4.490625000000000000e+01
4.490625000000000000e+01
4.490625000000000000e+01
4.490625000000000000e+01
4.490625000000000000e+01
4.490625000000000000e+01
4.490625000000000000e+01
4.490625000000000000e+01
4.490625000000000000e+01
4.490625000000000000e+01
4.490625000000000000e+01
4.490625000000000000e+01
4.490625000000000000e+01
4.490625000000000000e+01
4.496875000000000000e+01
4.496875000000000000e+01
4.496875000000000000e+01
4.496875000000000000e+01
4.496875000000000000e+01
4.496875000000000000e+01
4.496875000000000000e+01
4.496875000000000000e+01
4.496875000000000000e+01
4.496875000000000000e+01
4.496875000000000000e+01
4.496875000000000000e+01
4.496875000000000000e+01
4.496875000000000000e+01
4.496875000000000000e+01
4.496875000000000000e+01
4.496875000000000000e+01
4.496875000000000000e+01
4.496875000000000000e+01
4.496875000000000000e+01
4.496875000000000000e+01
4.496875000000000000e+01
4.496875000000000000e+01
4.496875000000000000e+01
4.496875000000000000e+01
4.496875000000000000e+01
4.496875000000000000e+01
4.496875000000000000e+01
4.496875000000000000e+01
4.496875000000000000e+01
4.496875000000000000e+01
4.496875000000000000e+01
