-1.140312500000000000e+02
-1.140937500000000000e+02
-1.141562500000000000e+02
-1.142187500000000000e+02
-1.142812500000000000e+02
-1.143437500000000000e+02
-1.144062500000000000e+02
-1.144687500000000000e+02
-1.145312500000000000e+02
-1.145937500000000000e+02
-1.146562500000000000e+02
-1.147187500000000000e+02
-1.147812500000000000e+02
-1.148437500000000000e+02
-1.149062500000000000e+02
-1.149687500000000000e+02
-1.150312500000000000e+02
-1.150937500000000000e+02
-1.151562500000000000e+02
-1.152187500000000000e+02
-1.152812500000000000e+02
-1.153437500000000000e+02
-1.154062500000000000e+02
-1.154687500000000000e+02
-1.155312500000000000e+02
-1.155937500000000000e+02
-1.156562500000000000e+02
-1.157187500000000000e+02
-1.157812500000000000e+02
-1.158437500000000000e+02
-1.159062500000000000e+02
-1.159687500000000000e+02
-1.140312500000000000e+02
-1.140937500000000000e+02
-1.141562500000000000e+02
-1.142187500000000000e+02
-1.142812500000000000e+02
-1.143437500000000000e+02
-1.144062500000000000e+02
-1.144687500000000000e+02
-1.145312500000000000e+02
-1.145937500000000000e+02
-1.146562500000000000e+02
-1.147187500000000000e+02
-1.147812500000000000e+02
-1.148437500000000000e+02
-1.149062500000000000e+02
-1.149687500000000000e+02
-1.150312500000000000e+02
-1.150937500000000000e+02
-1.151562500000000000e+02
-1.152187500000000000e+02
-1.152812500000000000e+02
-1.153437500000000000e+02
-1.154062500000000000e+02
-1.154687500000000000e+02
-1.155312500000000000e+02
-1.155937500000000000e+02
-1.156562500000000000e+02
-1.157187500000000000e+02
-1.157812500000000000e+02
-1.158437500000000000e+02
-1.159062500000000000e+02
-1.159687500000000000e+02
-1.140312500000000000e+02
-1.140937500000000000e+02
-1.141562500000000000e+02
-1.142187500000000000e+02
-1.142812500000000000e+02
-1.143437500000000000e+02
-1.144062500000000000e+02
-1.144687500000000000e+02
-1.145312500000000000e+02
-1.145937500000000000e+02
-1.146562500000000000e+02
-1.147187500000000000e+02
-1.147812500000000000e+02
-1.148437500000000000e+02
-1.149062500000000000e+02
-1.149687500000000000e+02
-1.150312500000000000e+02
-1.150937500000000000e+02
-1.151562500000000000e+02
-1.152187500000000000e+02
-1.152812500000000000e+02
-1.153437500000000000e+02
-1.154062500000000000e+02
-1.154687500000000000e+02
-1.155312500000000000e+02
-1.155937500000000000e+02
-1.156562500000000000e+02
-1.157187500000000000e+02
-1.157812500000000000e+02
-1.158437500000000000e+02
-1.159062500000000000e+02
-1.159687500000000000e+02
-1.140312500000000000e+02
-1.140937500000000000e+02
-1.141562500000000000e+02
-1.142187500000000000e+02
-1.142812500000000000e+02
-1.143437500000000000e+02
-1.144062500000000000e+02
-1.144687500000000000e+02
-1.145312500000000000e+02
-1.145937500000000000e+02
-1.146562500000000000e+02
-1.147187500000000000e+02
-1.147812500000000000e+02
-1.148437500000000000e+02
-1.149062500000000000e+02
-1.149687500000000000e+02
-1.150312500000000000e+02
-1.150937500000000000e+02
-1.151562500000000000e+02
-1.152187500000000000e+02
-1.152812500000000000e+02
-1.153437500000000000e+02
-1.154062500000000000e+02
-1.154687500000000000e+02
-1.155312500000000000e+02
-1.155937500000000000e+02
-1.156562500000000000e+02
-1.157187500000000000e+02
-1.157812500000000000e+02
-1.158437500000000000e+02
-1.159062500000000000e+02
-1.159687500000000000e+02
-1.140312500000000000e+02
-1.140937500000000000e+02
-1.141562500000000000e+02
-1.142187500000000000e+02
-1.142812500000000000e+02
-1.143437500000000000e+02
-1.144062500000000000e+02
-1.144687500000000000e+02
-1.145312500000000000e+02
-1.145937500000000000e+02
-1.146562500000000000e+02
-1.147187500000000000e+02
-1.147812500000000000e+02
-1.148437500000000000e+02
-1.149062500000000000e+02
-1.149687500000000000e+02
-1.150312500000000000e+02
-1.150937500000000000e+02
-1.151562500000000000e+02
-1.152187500000000000e+02
-1.152812500000000000e+02
-1.153437500000000000e+02
-1.154062500000000000e+02
-1.154687500000000000e+02
-1.155312500000000000e+02
-1.155937500000000000e+02
-1.156562500000000000e+02
-1.157187500000000000e+02
-1.157812500000000000e+02
-1.158437500000000000e+02
-1.159062500000000000e+02
-1.159687500000000000e+02
-1.140312500000000000e+02
-1.140937500000000000e+02
-1.141562500000000000e+02
-1.142187500000000000e+02
-1.142812500000000000e+02
-1.143437500000000000e+02
-1.144062500000000000e+02
-1.144687500000000000e+02
-1.145312500000000000e+02
-1.145937500000000000e+02
-1.146562500000000000e+02
-1.147187500000000000e+02
-1.147812500000000000e+02
-1.148437500000000000e+02
-1.149062500000000000e+02
-1.149687500000000000e+02
-1.150312500000000000e+02
-1.150937500000000000e+02
-1.151562500000000000e+02
-1.152187500000000000e+02
-1.152812500000000000e+02
-1.153437500000000000e+02
-1.154062500000000000e+02
-1.154687500000000000e+02
-1.155312500000000000e+02
-1.155937500000000000e+02
-1.156562500000000000e+02
-1.157187500000000000e+02
-1.157812500000000000e+02
-1.158437500000000000e+02
-1.159062500000000000e+02
-1.159687500000000000e+02
-1.140312500000000000e+02
-1.140937500000000000e+02
-1.141562500000000000e+02
-1.142187500000000000e+02
-1.142812500000000000e+02
-1.143437500000000000e+02
-1.144062500000000000e+02
-1.144687500000000000e+02
-1.145312500000000000e+02
-1.145937500000000000e+02
-1.146562500000000000e+02
-1.147187500000000000e+02
-1.147812500000000000e+02
-1.148437500000000000e+02
-1.149062500000000000e+02
-1.149687500000000000e+02
-1.150312500000000000e+02
-1.150937500000000000e+02
-1.151562500000000000e+02
-1.152187500000000000e+02
-1.152812500000000000e+02
-1.153437500000000000e+02
-1.154062500000000000e+02
-1.154687500000000000e+02
-1.155312500000000000e+02
-1.155937500000000000e+02
-1.156562500000000000e+02
-1.157187500000000000e+02
-1.157812500000000000e+02
-1.158437500000000000e+02
-1.159062500000000000e+02
-1.159687500000000000e+02
-1.140312500000000000e+02
-1.140937500000000000e+02
-1.141562500000000000e+02
-1.142187500000000000e+02
-1.142812500000000000e+02
-1.143437500000000000e+02
-1.144062500000000000e+02
-1.144687500000000000e+02
-1.145312500000000000e+02
-1.145937500000000000e+02
-1.146562500000000000e+02
-1.147187500000000000e+02
-1.147812500000000000e+02
-1.148437500000000000e+02
-1.149062500000000000e+02
-1.149687500000000000e+02
-1.150312500000000000e+02
-1.150937500000000000e+02
-1.151562500000000000e+02
-1.152187500000000000e+02
-1.152812500000000000e+02
-1.153437500000000000e+02
-1.154062500000000000e+02
-1.154687500000000000e+02
-1.155312500000000000e+02
-1.155937500000000000e+02
-1.156562500000000000e+02
-1.157187500000000000e+02
-1.157812500000000000e+02
-1.158437500000000000e+02
-1.159062500000000000e+02
-1.159687500000000000e+02
-1.140312500000000000e+02
-1.140937500000000000e+02
-1.141562500000000000e+02
-1.142187500000000000e+02
-1.142812500000000000e+02
-1.143437500000000000e+02
-1.144062500000000000e+02
-1.144687500000000000e+02
-1.145312500000000000e+02
-1.145937500000000000e+02
-1.146562500000000000e+02
-1.147187500000000000e+02
-1.147812500000000000e+02
-1.148437500000000000e+02
-1.149062500000000000e+02
-1.149687500000000000e+02
-1.150312500000000000e+02
-1.150937500000000000e+02
-1.151562500000000000e+02
-1.152187500000000000e+02
-1.152812500000000000e+02
-1.153437500000000000e+02
-1.154062500000000000e+02
-1.154687500000000000e+02
-1.155312500000000000e+02
-1.155937500000000000e+02
-1.156562500000000000e+02
-1.157187500000000000e+02
-1.157812500000000000e+02
-1.158437500000000000e+02
-1.159062500000000000e+02
-1.159687500000000000e+02
-1.140312500000000000e+02
-1.140937500000000000e+02
-1.141562500000000000e+02
-1.142187500000000000e+02
-1.142812500000000000e+02
-1.143437500000000000e+02
-1.144062500000000000e+02
-1.144687500000000000e+02
-1.145312500000000000e+02
-1.145937500000000000e+02
-1.146562500000000000e+02
-1.147187500000000000e+02
-1.147812500000000000e+02
-1.148437500000000000e+02
-1.149062500000000000e+02
-1.149687500000000000e+02
-1.150312500000000000e+02
-1.150937500000000000e+02
-1.151562500000000000e+02
-1.152187500000000000e+02
-1.152812500000000000e+02
-1.153437500000000000e+02
-1.154062500000000000e+02
-1.154687500000000000e+02
-1.155312500000000000e+02
-1.155937500000000000e+02
-1.156562500000000000e+02
-1.157187500000000000e+02
-1.157812500000000000e+02
-1.158437500000000000e+02
-1.159062500000000000e+02
-1.159687500000000000e+02
-1.140312500000000000e+02
-1.140937500000000000e+02
-1.141562500000000000e+02
-1.142187500000000000e+02
-1.142812500000000000e+02
-1.143437500000000000e+02
-1.144062500000000000e+02
-1.144687500000000000e+02
-1.145312500000000000e+02
-1.145937500000000000e+02
-1.146562500000000000e+02
-1.147187500000000000e+02
-1.147812500000000000e+02
-1.148437500000000000e+02
-1.149062500000000000e+02
-1.149687500000000000e+02
-1.150312500000000000e+02
-1.150937500000000000e+02
-1.151562500000000000e+02
-1.152187500000000000e+02
-1.152812500000000000e+02
-1.153437500000000000e+02
-1.154062500000000000e+02
-1.154687500000000000e+02
-1.155312500000000000e+02
-1.155937500000000000e+02
-1.156562500000000000e+02
-1.157187500000000000e+02
-1.157812500000000000e+02
-1.158437500000000000e+02
-1.159062500000000000e+02
-1.159687500000000000e+02
-1.140312500000000000e+02
-1.140937500000000000e+02
-1.141562500000000000e+02
-1.142187500000000000e+02
-1.142812500000000000e+02
-1.143437500000000000e+02
-1.144062500000000000e+02
-1.144687500000000000e+02
-1.145312500000000000e+02
-1.145937500000000000e+02
-1.146562500000000000e+02
-1.147187500000000000e+02
-1.147812500000000000e+02
-1.148437500000000000e+02
-1.149062500000000000e+02
-1.149687500000000000e+02
-1.150312500000000000e+02
-1.150937500000000000e+02
-1.151562500000000000e+02
-1.152187500000000000e+02
-1.152812500000000000e+02
-1.153437500000000000e+02
-1.154062500000000000e+02
-1.154687500000000000e+02
-1.155312500000000000e+02
-1.155937500000000000e+02
-1.156562500000000000e+02
-1.157187500000000000e+02
-1.157812500000000000e+02
-1.158437500000000000e+02
-1.159062500000000000e+02
-1.159687500000000000e+02
-1.140312500000000000e+02
-1.140937500000000000e+02
-1.141562500000000000e+02
-1.142187500000000000e+02
-1.142812500000000000e+02
-1.143437500000000000e+02
-1.144062500000000000e+02
-1.144687500000000000e+02
-1.145312500000000000e+02
-1.145937500000000000e+02
-1.146562500000000000e+02
-1.147187500000000000e+02
-1.147812500000000000e+02
-1.148437500000000000e+02
-1.149062500000000000e+02
-1.149687500000000000e+02
-1.150312500000000000e+02
-1.150937500000000000e+02
-1.151562500000000000e+02
-1.152187500000000000e+02
-1.152812500000000000e+02
-1.153437500000000000e+02
-1.154062500000000000e+02
-1.154687500000000000e+02
-1.155312500000000000e+02
-1.155937500000000000e+02
-1.156562500000000000e+02
-1.157187500000000000e+02
-1.157812500000000000e+02
-1.158437500000000000e+02
-1.159062500000000000e+02
-1.159687500000000000e+02
-1.140312500000000000e+02
-1.140937500000000000e+02
-1.141562500000000000e+02
-1.142187500000000000e+02
-1.142812500000000000e+02
-1.143437500000000000e+02
-1.144062500000000000e+02
-1.144687500000000000e+02
-1.145312500000000000e+02
-1.145937500000000000e+02
-1.146562500000000000e+02
-1.147187500000000000e+02
-1.147812500000000000e+02
-1.148437500000000000e+02
-1.149062500000000000e+02
-1.149687500000000000e+02
-1.150312500000000000e+02
-1.150937500000000000e+02
-1.151562500000000000e+02
-1.152187500000000000e+02
-1.152812500000000000e+02
-1.153437500000000000e+02
-1.154062500000000000e+02
-1.154687500000000000e+02
-1.155312500000000000e+02
-1.155937500000000000e+02
-1.156562500000000000e+02
-1.157187500000000000e+02
-1.157812500000000000e+02
-1.158437500000000000e+02
-1.159062500000000000e+02
-1.159687500000000000e+02
-1.140312500000000000e+02
-1.140937500000000000e+02
-1.141562500000000000e+02
-1.142187500000000000e+02
-1.142812500000000000e+02
-1.143437500000000000e+02
-1.144062500000000000e+02
-1.144687500000000000e+02
-1.145312500000000000e+02
-1.145937500000000000e+02
-1.146562500000000000e+02
-1.147187500000000000e+02
-1.147812500000000000e+02
-1.148437500000000000e+02
-1.149062500000000000e+02
-1.149687500000000000e+02
-1.150312500000000000e+02
-1.150937500000000000e+02
-1.151562500000000000e+02
-1.152187500000000000e+02
-1.152812500000000000e+02
-1.153437500000000000e+02
-1.154062500000000000e+02
-1.154687500000000000e+02
-1.155312500000000000e+02
-1.155937500000000000e+02
-1.156562500000000000e+02
-1.157187500000000000e+02
-1.157812500000000000e+02
-1.158437500000000000e+02
-1.159062500000000000e+02
-1.159687500000000000e+02
-1.140312500000000000e+02
-1.140937500000000000e+02
-1.141562500000000000e+02
-1.142187500000000000e+02
-1.142812500000000000e+02
-1.143437500000000000e+02
-1.144062500000000000e+02
-1.144687500000000000e+02
-1.145312500000000000e+02
-1.145937500000000000e+02
-1.146562500000000000e+02
-1.147187500000000000e+02
-1.147812500000000000e+02
-1.148437500000000000e+02
-1.149062500000000000e+02
-1.149687500000000000e+02
-1.150312500000000000e+02
-1.150937500000000000e+02
-1.151562500000000000e+02
-1.152187500000000000e+02
-1.152812500000000000e+02
-1.153437500000000000e+02
-1.154062500000000000e+02
-1.154687500000000000e+02
-1.155312500000000000e+02
-1.155937500000000000e+02
-1.156562500000000000e+02
-1.157187500000000000e+02
-1.157812500000000000e+02
-1.158437500000000000e+02
-1.159062500000000000e+02
-1.159687500000000000e+02
-1.140312500000000000e+02
-1.140937500000000000e+02
-1.141562500000000000e+02
-1.142187500000000000e+02
-1.142812500000000000e+02
-1.143437500000000000e+02
-1.144062500000000000e+02
-1.144687500000000000e+02
-1.145312500000000000e+02
-1.145937500000000000e+02
-1.146562500000000000e+02
-1.147187500000000000e+02
-1.147812500000000000e+02
-1.148437500000000000e+02
-1.149062500000000000e+02
-1.149687500000000000e+02
-1.150312500000000000e+02
-1.150937500000000000e+02
-1.151562500000000000e+02
-1.152187500000000000e+02
-1.152812500000000000e+02
-1.153437500000000000e+02
-1.154062500000000000e+02
-1.154687500000000000e+02
-1.155312500000000000e+02
-1.155937500000000000e+02
-1.156562500000000000e+02
-1.157187500000000000e+02
-1.157812500000000000e+02
-1.158437500000000000e+02
-1.159062500000000000e+02
-1.159687500000000000e+02
-1.140312500000000000e+02
-1.140937500000000000e+02
-1.141562500000000000e+02
-1.142187500000000000e+02
-1.142812500000000000e+02
-1.143437500000000000e+02
-1.144062500000000000e+02
-1.144687500000000000e+02
-1.145312500000000000e+02
-1.145937500000000000e+02
-1.146562500000000000e+02
-1.147187500000000000e+02
-1.147812500000000000e+02
-1.148437500000000000e+02
-1.149062500000000000e+02
-1.149687500000000000e+02
-1.150312500000000000e+02
-1.150937500000000000e+02
-1.151562500000000000e+02
-1.152187500000000000e+02
-1.152812500000000000e+02
-1.153437500000000000e+02
-1.154062500000000000e+02
-1.154687500000000000e+02
-1.155312500000000000e+02
-1.155937500000000000e+02
-1.156562500000000000e+02
-1.157187500000000000e+02
-1.157812500000000000e+02
-1.158437500000000000e+02
-1.159062500000000000e+02
-1.159687500000000000e+02
-1.140312500000000000e+02
-1.140937500000000000e+02
-1.141562500000000000e+02
-1.142187500000000000e+02
-1.142812500000000000e+02
-1.143437500000000000e+02
-1.144062500000000000e+02
-1.144687500000000000e+02
-1.145312500000000000e+02
-1.145937500000000000e+02
-1.146562500000000000e+02
-1.147187500000000000e+02
-1.147812500000000000e+02
-1.148437500000000000e+02
-1.149062500000000000e+02
-1.149687500000000000e+02
-1.150312500000000000e+02
-1.150937500000000000e+02
-1.151562500000000000e+02
-1.152187500000000000e+02
-1.152812500000000000e+02
-1.153437500000000000e+02
-1.154062500000000000e+02
-1.154687500000000000e+02
-1.155312500000000000e+02
-1.155937500000000000e+02
-1.156562500000000000e+02
-1.157187500000000000e+02
-1.157812500000000000e+02
-1.158437500000000000e+02
-1.159062500000000000e+02
-1.159687500000000000e+02
-1.140312500000000000e+02
-1.140937500000000000e+02
-1.141562500000000000e+02
-1.142187500000000000e+02
-1.142812500000000000e+02
-1.143437500000000000e+02
-1.144062500000000000e+02
-1.144687500000000000e+02
-1.145312500000000000e+02
-1.145937500000000000e+02
-1.146562500000000000e+02
-1.147187500000000000e+02
-1.147812500000000000e+02
-1.148437500000000000e+02
-1.149062500000000000e+02
-1.149687500000000000e+02
-1.150312500000000000e+02
-1.150937500000000000e+02
-1.151562500000000000e+02
-1.152187500000000000e+02
-1.152812500000000000e+02
-1.153437500000000000e+02
-1.154062500000000000e+02
-1.154687500000000000e+02
-1.155312500000000000e+02
-1.155937500000000000e+02
-1.156562500000000000e+02
-1.157187500000000000e+02
-1.157812500000000000e+02
-1.158437500000000000e+02
-1.159062500000000000e+02
-1.159687500000000000e+02
-1.140312500000000000e+02
-1.140937500000000000e+02
-1.141562500000000000e+02
-1.142187500000000000e+02
-1.142812500000000000e+02
-1.143437500000000000e+02
-1.144062500000000000e+02
-1.144687500000000000e+02
-1.145312500000000000e+02
-1.145937500000000000e+02
-1.146562500000000000e+02
-1.147187500000000000e+02
-1.147812500000000000e+02
-1.148437500000000000e+02
-1.149062500000000000e+02
-1.149687500000000000e+02
-1.150312500000000000e+02
-1.150937500000000000e+02
-1.151562500000000000e+02
-1.152187500000000000e+02
-1.152812500000000000e+02
-1.153437500000000000e+02
-1.154062500000000000e+02
-1.154687500000000000e+02
-1.155312500000000000e+02
-1.155937500000000000e+02
-1.156562500000000000e+02
-1.157187500000000000e+02
-1.157812500000000000e+02
-1.158437500000000000e+02
-1.159062500000000000e+02
-1.159687500000000000e+02
-1.140312500000000000e+02
-1.140937500000000000e+02
-1.141562500000000000e+02
-1.142187500000000000e+02
-1.142812500000000000e+02
-1.143437500000000000e+02
-1.144062500000000000e+02
-1.144687500000000000e+02
-1.145312500000000000e+02
-1.145937500000000000e+02
-1.146562500000000000e+02
-1.147187500000000000e+02
-1.147812500000000000e+02
-1.148437500000000000e+02
-1.149062500000000000e+02
-1.149687500000000000e+02
-1.150312500000000000e+02
-1.150937500000000000e+02
-1.151562500000000000e+02
-1.152187500000000000e+02
-1.152812500000000000e+02
-1.153437500000000000e+02
-1.154062500000000000e+02
-1.154687500000000000e+02
-1.155312500000000000e+02
-1.155937500000000000e+02
-1.156562500000000000e+02
-1.157187500000000000e+02
-1.157812500000000000e+02
-1.158437500000000000e+02
-1.159062500000000000e+02
-1.159687500000000000e+02
