43.65625	-114.03125	0.7910	1.5671	0.5669
43.65625	-114.09375	0.7300	1.4419	0.6494
43.65625	-114.15625	0.7723	1.4447	0.6283
43.65625	-114.21875	0.8112	1.6359	0.5465
43.65625	-114.28125	0.8185	1.7059	0.5322
43.65625	-114.34375	0.8169	1.8627	0.4699
43.65625	-114.40625	0.6931	1.3232	0.6299
43.65625	-114.46875	0.7007	1.2781	0.6000
43.65625	-114.53125	0.6545	1.2541	0.6323
43.65625	-114.59375	0.6074	1.1782	0.6762
43.65625	-114.65625	0.4818	1.0097	0.7582
43.65625	-114.71875	0.5664	1.0696	0.7382
43.65625	-114.78125	0.7371	1.3269	0.6333
43.65625	-114.84375	0.7527	1.3068	0.6225
43.65625	-114.90625	0.7944	1.4330	0.5818
43.65625	-114.96875	0.6505	1.0705	0.6712
43.65625	-115.03125	0.5173	0.8239	0.7381
43.65625	-115.09375	0.6752	1.0380	0.6400
43.65625	-115.15625	0.6963	1.1666	0.6140
43.65625	-115.21875	0.7706	1.3773	0.5453
43.65625	-115.28125	0.7885	1.4751	0.5201
43.65625	-115.34375	0.7067	1.2669	0.5776
43.65625	-115.40625	0.5043	0.9893	0.7051
43.65625	-115.46875	0.4036	0.9030	0.7424
43.65625	-115.53125	0.5155	0.9816	0.6842
43.65625	-115.59375	0.7299	1.2148	0.6012
43.65625	-115.65625	0.8255	1.4969	0.4618
43.65625	-115.71875	0.8448	1.7401	0.3225
43.65625	-115.78125	0.8493	1.6840	0.3378
43.65625	-115.84375	0.8495	1.6162	0.3778
43.65625	-115.90625	0.8410	1.4903	0.4332
43.65625	-115.96875	0.8692	1.8209	0.2729
43.71875	-114.03125	0.6844	1.2173	0.6571
43.71875	-114.09375	0.6278	1.0490	0.7272
43.71875	-114.15625	0.6844	1.1333	0.6878
43.71875	-114.21875	0.7414	1.3785	0.6370
43.71875	-114.28125	0.7892	1.4728	0.5903
43.71875	-114.34375	0.8196	1.7621	0.5110
43.71875	-114.40625	0.7875	1.6010	0.5193
43.71875	-114.46875	0.5758	1.1365	0.6542
43.71875	-114.53125	0.4890	1.0207	0.7068
43.71875	-114.59375	0.4667	1.0456	0.7224
43.71875	-114.65625	0.4243	0.9373	0.7534
43.71875	-114.71875	0.6042	1.1798	0.6985
43.71875	-114.78125	0.6817	1.2589	0.6554
43.71875	-114.84375	0.5459	0.9071	0.7404
43.71875	-114.90625	0.6812	1.1431	0.6159
43.71875	-114.96875	0.4047	0.9110	0.7409
43.71875	-115.03125	0.4101	0.7834	0.7574
43.71875	-115.09375	0.4191	0.8616	0.7489
43.71875	-115.15625	0.4746	0.9876	0.7235
43.71875	-115.21875	0.5221	0.9419	0.7273
43.71875	-115.28125	0.6109	1.0956	0.6509
43.71875	-115.34375	0.5743	1.0697	0.6804
43.71875	-115.40625	0.6002	1.0850	0.6673
43.71875	-115.46875	0.6781	1.1992	0.6245
43.71875	-115.53125	0.7759	1.2482	0.5741
43.71875	-115.59375	0.8396	1.5381	0.4490
43.71875	-115.65625	0.8410	1.6369	0.3630
43.71875	-115.71875	0.7745	1.4036	0.5269
43.71875	-115.78125	0.7429	1.2963	0.5913
43.71875	-115.84375	0.8463	1.4577	0.4427
43.71875	-115.90625	0.8703	1.6548	0.3151
43.71875	-115.96875	0.8652	1.7013	0.2679
43.78125	-114.03125	0.4497	0.8368	0.7497
43.78125	-114.09375	0.5150	1.0758	0.7139
43.78125	-114.15625	0.5077	0.9739	0.7638
43.78125	-114.21875	0.5552	1.2273	0.6971
43.78125	-114.28125	0.7007	1.2518	0.6436
43.78125	-114.34375	0.7594	1.3225	0.6209
43.78125	-114.40625	0.7950	1.4997	0.5331
43.78125	-114.46875	0.7388	1.2805	0.5729
43.78125	-114.53125	0.7328	1.2321	0.6034
43.78125	-114.59375	0.6187	1.2035	0.6536
43.78125	-114.65625	0.4216	1.0036	0.7431
43.78125	-114.71875	0.5042	1.0321	0.7287
43.78125	-114.78125	0.4802	0.9970	0.7339
43.78125	-114.84375	0.4055	0.9071	0.7590
43.78125	-114.90625	0.5035	0.9134	0.6954
43.78125	-114.96875	0.4393	0.9005	0.6888
43.78125	-115.03125	0.3941	0.8379	0.7349
43.78125	-115.09375	0.5452	0.9989	0.6881
43.78125	-115.15625	0.6925	1.2045	0.6015
43.78125	-115.21875	0.5186	1.0416	0.7011
43.78125	-115.28125	0.4926	1.0278	0.7109
43.78125	-115.34375	0.6315	1.1403	0.6481
43.78125	-115.40625	0.8106	1.3953	0.5161
43.78125	-115.46875	0.8503	1.5190	0.4607
43.78125	-115.53125	0.8520	1.5886	0.4169
43.78125	-115.59375	0.8356	1.5174	0.4437
43.78125	-115.65625	0.7976	1.4098	0.5496
43.78125	-115.71875	0.7468	1.3119	0.5999
43.78125	-115.78125	0.7858	1.3641	0.5154
43.78125	-115.84375	0.8328	1.5033	0.4779
43.78125	-115.90625	0.8612	1.5987	0.3604
43.78125	-115.96875	0.8586	1.5451	0.3419
43.84375	-114.03125	0.6041	1.2923	0.6639
43.84375	-114.09375	0.6504	1.6181	0.6135
43.84375	-114.15625	0.6352	1.5048	0.6392
43.84375	-114.21875	0.5998	1.2548	0.6708
43.84375	-114.28125	0.5938	1.1581	0.6893
43.84375	-114.34375	0.5777	0.9987	0.7241
43.84375	-114.40625	0.6399	1.2081	0.6518
43.84375	-114.46875	0.5411	1.0940	0.6962
43.84375	-114.53125	0.5379	0.9424	0.7353
43.84375	-114.59375	0.5794	1.0203	0.7029
43.84375	-114.65625	0.6486	1.2735	0.6603
43.84375	-114.71875	0.5355	1.0366	0.7318
43.84375	-114.78125	0.5709	1.1979	0.7004
43.84375	-114.84375	0.4132	0.9778	0.7378
43.84375	-114.90625	0.3469	0.7753	0.7557
43.84375	-114.96875	0.3205	0.7593	0.7464
43.84375	-115.03125	0.4229	0.8628	0.7018
43.84375	-115.09375	0.5478	0.8916	0.6798
43.84375	-115.15625	0.6667	1.0705	0.6157
43.84375	-115.21875	0.6912	1.1737	0.5900
43.84375	-115.28125	0.7038	1.1760	0.5759
43.84375	-115.34375	0.7770	1.2931	0.5223
43.84375	-115.40625	0.7472	1.3097	0.6023
43.84375	-115.46875	0.7811	1.3659	0.5727
43.84375	-115.53125	0.8188	1.4241	0.4807
43.84375	-115.59375	0.6949	1.1991	0.6034
43.84375	-115.65625	0.6760	1.1509	0.5886
43.84375	-115.71875	0.7718	1.3043	0.5470
43.84375	-115.78125	0.8530	1.5268	0.4048
43.84375	-115.84375	0.8649	1.6403	0.3726
43.84375	-115.90625	0.8576	1.5313	0.4322
43.84375	-115.96875	0.8372	1.4217	0.4263
43.90625	-114.03125	0.6864	1.6514	0.5811
43.90625	-114.09375	0.7106	1.7913	0.5399
43.90625	-114.15625	0.7082	1.8547	0.5239
43.90625	-114.21875	0.6378	1.6262	0.6194
43.90625	-114.28125	0.6712	1.3776	0.6567
43.90625	-114.34375	0.5698	1.2210	0.6826
43.90625	-114.40625	0.4828	0.9638	0.7488
43.90625	-114.46875	0.5376	0.9892	0.7321
43.90625	-114.53125	0.4649	0.8992	0.7508
43.90625	-114.59375	0.4161	0.8619	0.7467
43.90625	-114.65625	0.4965	0.9459	0.7209
43.90625	-114.71875	0.6534	1.2834	0.6751
43.90625	-114.78125	0.8025	1.3409	0.6165
43.90625	-114.84375	0.6420	1.2233	0.6469
43.90625	-114.90625	0.3670	0.8856	0.7259
43.90625	-114.96875	0.2901	0.6283	0.7746
43.90625	-115.03125	0.3544	0.6925	0.7359
43.90625	-115.09375	0.3556	0.7350	0.7427
43.90625	-115.15625	0.4407	0.7679	0.7516
43.90625	-115.21875	0.4488	0.9254	0.7032
43.90625	-115.28125	0.4555	0.9868	0.7053
43.90625	-115.34375	0.5973	1.0830	0.6588
43.90625	-115.40625	0.7544	1.3032	0.5556
43.90625	-115.46875	0.8095	1.3930	0.5288
43.90625	-115.53125	0.7440	1.2582	0.5681
43.90625	-115.59375	0.6800	1.1469	0.5893
43.90625	-115.65625	0.5149	1.0039	0.6996
43.90625	-115.71875	0.6367	1.0889	0.6104
43.90625	-115.78125	0.7449	1.2567	0.5569
43.90625	-115.84375	0.8453	1.4587	0.4720
43.90625	-115.90625	0.8677	1.6231	0.3664
43.90625	-115.96875	0.8433	1.4519	0.3973
43.96875	-114.03125	0.7381	2.0472	0.4989
43.96875	-114.09375	0.7232	1.8593	0.5224
43.96875	-114.15625	0.7097	1.6182	0.5601
43.96875	-114.21875	0.6790	1.4345	0.6082
43.96875	-114.28125	0.6819	1.3964	0.6394
43.96875	-114.34375	0.5065	1.0104	0.6839
43.96875	-114.40625	0.5191	1.0318	0.7043
43.96875	-114.46875	0.7199	1.4297	0.6353
43.96875	-114.53125	0.6165	1.3148	0.6552
43.96875	-114.59375	0.4106	0.8740	0.7273
43.96875	-114.65625	0.4052	0.8856	0.7333
43.96875	-114.71875	0.4539	0.9569	0.7382
43.96875	-114.78125	0.7872	1.3557	0.6205
43.96875	-114.84375	0.8022	1.5290	0.5713
43.96875	-114.90625	0.4147	1.0054	0.7169
43.96875	-114.96875	0.2452	0.5770	0.7972
43.96875	-115.03125	0.2757	0.6422	0.7783
43.96875	-115.09375	0.2965	0.6823	0.7799
43.96875	-115.15625	0.3765	0.7303	0.7620
43.96875	-115.21875	0.4422	0.9267	0.7021
43.96875	-115.28125	0.5545	1.0127	0.6309
43.96875	-115.34375	0.3639	0.7387	0.7488
43.96875	-115.40625	0.5065	0.9245	0.6571
43.96875	-115.46875	0.6851	1.1770	0.5903
43.96875	-115.53125	0.6797	1.1626	0.5954
43.96875	-115.59375	0.6975	1.1591	0.5797
43.96875	-115.65625	0.5292	1.0010	0.6727
43.96875	-115.71875	0.3732	0.8719	0.7510
43.96875	-115.78125	0.6000	1.0750	0.6423
43.96875	-115.84375	0.8404	1.4475	0.4690
43.96875	-115.90625	0.8478	1.4905	0.4700
43.96875	-115.96875	0.8268	1.4169	0.4570
44.03125	-114.03125	0.8385	2.2549	0.4610
44.03125	-114.09375	0.8016	1.4417	0.6028
44.03125	-114.15625	0.7914	1.3662	0.6177
44.03125	-114.21875	0.8103	1.6478	0.5434
44.03125	-114.28125	0.8027	1.7268	0.5445
44.03125	-114.34375	0.6171	1.2260	0.6358
44.03125	-114.40625	0.6487	1.2151	0.6329
44.03125	-114.46875	0.8037	1.6663	0.5267
44.03125	-114.53125	0.6473	1.3419	0.6409
44.03125	-114.59375	0.3938	0.8525	0.7440
44.03125	-114.65625	0.3733	0.8168	0.7581
44.03125	-114.71875	0.4749	1.1091	0.7105
44.03125	-114.78125	0.7603	1.4292	0.6094
44.03125	-114.84375	0.8401	1.7298	0.5279
44.03125	-114.90625	0.5571	1.1875	0.6586
44.03125	-114.96875	0.2168	0.5764	0.8010
44.03125	-115.03125	0.2545	0.6190	0.7889
44.03125	-115.09375	0.3423	0.7470	0.7325
44.03125	-115.15625	0.3514	0.7457	0.7564
44.03125	-115.21875	0.4127	0.9058	0.6933
44.03125	-115.28125	0.3755	0.8703	0.7202
44.03125	-115.34375	0.3337	0.8249	0.7261
44.03125	-115.40625	0.3525	0.8386	0.7307
44.03125	-115.46875	0.5085	0.9824	0.6680
44.03125	-115.53125	0.6458	1.1161	0.5968
44.03125	-115.59375	0.6835	1.1855	0.5977
44.03125	-115.65625	0.6691	1.1539	0.5973
44.03125	-115.71875	0.5645	1.0527	0.6538
44.03125	-115.78125	0.6360	1.1707	0.6358
44.03125	-115.84375	0.8561	1.5675	0.4272
44.03125	-115.90625	0.8634	1.6213	0.3742
44.03125	-115.96875	0.8387	1.4988	0.4199
44.09375	-114.03125	0.8279	1.9831	0.4924
44.09375	-114.09375	0.7912	1.5261	0.5928
44.09375	-114.15625	0.7867	1.5613	0.5936
44.09375	-114.21875	0.8229	1.9291	0.4932
44.09375	-114.28125	0.8281	1.9899	0.4804
44.09375	-114.34375	0.7590	1.6467	0.5576
44.09375	-114.40625	0.7848	1.6490	0.5451
44.09375	-114.46875	0.8086	1.7506	0.5011
44.09375	-114.53125	0.6235	1.3352	0.6378
44.09375	-114.59375	0.4211	0.8778	0.7296
44.09375	-114.65625	0.4162	0.8352	0.7457
44.09375	-114.71875	0.5538	1.2060	0.6785
44.09375	-114.78125	0.5556	1.1967	0.6734
44.09375	-114.84375	0.8197	1.5273	0.5480
44.09375	-114.90625	0.7295	1.4512	0.5766
44.09375	-114.96875	0.3613	0.7870	0.7287
44.09375	-115.03125	0.2320	0.6170	0.7739
44.09375	-115.09375	0.3499	0.7656	0.7259
44.09375	-115.15625	0.4941	0.9658	0.6221
44.09375	-115.21875	0.3273	0.8336	0.7273
44.09375	-115.28125	0.3776	0.8558	0.7055
44.09375	-115.34375	0.5654	1.0468	0.6045
44.09375	-115.40625	0.6035	1.0660	0.5918
44.09375	-115.46875	0.7469	1.2325	0.4932
44.09375	-115.53125	0.7484	1.2372	0.5048
44.09375	-115.59375	0.8296	1.4210	0.4030
44.09375	-115.65625	0.8347	1.4477	0.4056
44.09375	-115.71875	0.7680	1.2725	0.5392
44.09375	-115.78125	0.8423	1.4632	0.4296
44.09375	-115.84375	0.8558	1.5615	0.4451
44.09375	-115.90625	0.8581	1.5860	0.3978
44.09375	-115.96875	0.8538	1.6152	0.2932
44.15625	-114.03125	0.8205	1.7292	0.5351
44.15625	-114.09375	0.8234	1.6864	0.5085
44.15625	-114.15625	0.8225	2.0385	0.4428
44.15625	-114.21875	0.8338	2.2372	0.4533
44.15625	-114.28125	0.8715	2.6538	0.3640
44.15625	-114.34375	0.8521	2.2779	0.4091
44.15625	-114.40625	0.8388	2.2308	0.4126
44.15625	-114.46875	0.8032	1.5932	0.5415
44.15625	-114.53125	0.6800	1.4096	0.6062
44.15625	-114.59375	0.5694	1.2259	0.6558
44.15625	-114.65625	0.5044	1.0508	0.7079
44.15625	-114.71875	0.5760	1.2132	0.6562
44.15625	-114.78125	0.4332	1.0732	0.7053
44.15625	-114.84375	0.5530	1.1899	0.6511
44.15625	-114.90625	0.7766	1.5613	0.5138
44.15625	-114.96875	0.5056	1.0659	0.6076
44.15625	-115.03125	0.2128	0.6445	0.7661
44.15625	-115.09375	0.2912	0.6891	0.7349
44.15625	-115.15625	0.4881	0.9179	0.6043
44.15625	-115.21875	0.5324	1.0181	0.5895
44.15625	-115.28125	0.6155	1.0886	0.5581
44.15625	-115.34375	0.6488	1.1650	0.5751
44.15625	-115.40625	0.6698	1.1649	0.5473
44.15625	-115.46875	0.4665	0.9647	0.6840
44.15625	-115.53125	0.5247	1.0213	0.6634
44.15625	-115.59375	0.6508	1.1462	0.5942
44.15625	-115.65625	0.7510	1.2514	0.5056
44.15625	-115.71875	0.5492	1.0537	0.6731
44.15625	-115.78125	0.5856	1.0979	0.6608
44.15625	-115.84375	0.8202	1.4141	0.5134
44.15625	-115.90625	0.8566	1.5741	0.4286
44.15625	-115.96875	0.8535	1.6355	0.2843
44.21875	-114.03125	0.8227	1.8865	0.4803
44.21875	-114.09375	0.8229	1.6719	0.5103
44.21875	-114.15625	0.8211	1.8975	0.4472
44.21875	-114.21875	0.8250	2.2424	0.4010
44.21875	-114.28125	0.8999	2.8873	0.3253
44.21875	-114.34375	0.8272	2.1708	0.4261
44.21875	-114.40625	0.7705	1.7836	0.5351
44.21875	-114.46875	0.8009	1.9401	0.4690
44.21875	-114.53125	0.7912	1.9411	0.4737
44.21875	-114.59375	0.8011	1.8950	0.4834
44.21875	-114.65625	0.7257	1.5735	0.5714
44.21875	-114.71875	0.5684	1.2054	0.6394
44.21875	-114.78125	0.5545	1.0461	0.6829
44.21875	-114.84375	0.6504	1.3304	0.6074
44.21875	-114.90625	0.7813	1.5152	0.5396
44.21875	-114.96875	0.7944	1.6194	0.5158
44.21875	-115.03125	0.5766	1.1656	0.6044
44.21875	-115.09375	0.2761	0.7531	0.7275
44.21875	-115.15625	0.2744	0.6793	0.7531
44.21875	-115.21875	0.3597	0.8352	0.6935
44.21875	-115.28125	0.4323	0.9337	0.6797
44.21875	-115.34375	0.4837	0.9817	0.6648
44.21875	-115.40625	0.3974	0.9050	0.7061
44.21875	-115.46875	0.4131	0.8964	0.6956
44.21875	-115.53125	0.4812	0.9586	0.6660
44.21875	-115.59375	0.4874	0.9961	0.6912
44.21875	-115.65625	0.6671	1.1311	0.5536
44.21875	-115.71875	0.5151	0.9945	0.6729
44.21875	-115.78125	0.4303	0.9558	0.7201
44.21875	-115.84375	0.7711	1.3085	0.5433
44.21875	-115.90625	0.8596	1.6048	0.3375
44.21875	-115.96875	0.8429	1.5401	0.3976
44.28125	-114.03125	0.8781	2.7298	0.3354
44.28125	-114.09375	0.8581	2.2599	0.3862
44.28125	-114.15625	0.8214	1.9355	0.4268
44.28125	-114.21875	0.8238	2.1346	0.4145
44.28125	-114.28125	0.8800	2.7926	0.3448
44.28125	-114.34375	0.8247	2.0458	0.4138
44.28125	-114.40625	0.7964	1.7147	0.4672
44.28125	-114.46875	0.8097	2.1859	0.4019
44.28125	-114.53125	0.7947	2.0120	0.4563
44.28125	-114.59375	0.7749	1.7262	0.4994
44.28125	-114.65625	0.7508	1.5593	0.5304
44.28125	-114.71875	0.7377	1.3866	0.5407
44.28125	-114.78125	0.6505	1.2734	0.5746
44.28125	-114.84375	0.7792	1.4549	0.5411
44.28125	-114.90625	0.7228	1.4006	0.5687
44.28125	-114.96875	0.6939	1.3358	0.5678
44.28125	-115.03125	0.6992	1.3381	0.5547
44.28125	-115.09375	0.4731	0.9689	0.6360
44.28125	-115.15625	0.2629	0.7597	0.7485
44.28125	-115.21875	0.3191	0.8020	0.7236
44.28125	-115.28125	0.3567	0.8430	0.7179
44.28125	-115.34375	0.3687	0.8656	0.7091
44.28125	-115.40625	0.3231	0.8429	0.7428
44.28125	-115.46875	0.3811	0.8363	0.7041
44.28125	-115.53125	0.3792	0.8802	0.7188
44.28125	-115.59375	0.6086	1.0765	0.5879
44.28125	-115.65625	0.6728	1.1360	0.5249
44.28125	-115.71875	0.4818	0.9659	0.6661
44.28125	-115.78125	0.4496	0.9440	0.6951
44.28125	-115.84375	0.7453	1.2595	0.5217
44.28125	-115.90625	0.8272	1.4394	0.4253
44.28125	-115.96875	0.7930	1.3701	0.5187
44.34375	-114.03125	0.8642	2.5486	0.3474
44.34375	-114.09375	0.9386	3.3557	0.2935
44.34375	-114.15625	0.8264	2.1626	0.4263
44.34375	-114.21875	0.8614	2.5898	0.3664
44.34375	-114.28125	0.9115	3.5384	0.2694
44.34375	-114.34375	0.7016	1.4241	0.5836
44.34375	-114.40625	0.6908	1.3708	0.5894
44.34375	-114.46875	0.7878	1.7461	0.4675
44.34375	-114.53125	0.7248	1.5049	0.5575
44.34375	-114.59375	0.6628	1.3513	0.5841
44.34375	-114.65625	0.5906	1.2331	0.6386
44.34375	-114.71875	0.7367	1.4215	0.5510
44.34375	-114.78125	0.5632	1.1687	0.6336
44.34375	-114.84375	0.4914	1.0640	0.6506
44.34375	-114.90625	0.5019	1.0477	0.6281
44.34375	-114.96875	0.3886	0.9305	0.6842
44.34375	-115.03125	0.4420	0.9422	0.6546
44.34375	-115.09375	0.5058	0.9633	0.6218
44.34375	-115.15625	0.3788	0.8517	0.6854
44.34375	-115.21875	0.3006	0.7909	0.7291
44.34375	-115.28125	0.2841	0.7883	0.7494
44.34375	-115.34375	0.2966	0.8069	0.7541
44.34375	-115.40625	0.3908	0.8506	0.6938
44.34375	-115.46875	0.4098	0.8594	0.6795
44.34375	-115.53125	0.3419	0.8263	0.7209
44.34375	-115.59375	0.5583	1.0147	0.6099
44.34375	-115.65625	0.6287	1.0776	0.5329
44.34375	-115.71875	0.4990	0.9748	0.6501
44.34375	-115.78125	0.7216	1.1609	0.4795
44.34375	-115.84375	0.8303	1.3761	0.3828
44.34375	-115.90625	0.7733	1.2946	0.4450
44.34375	-115.96875	0.7730	1.3133	0.5033
44.40625	-114.03125	0.8453	2.1051	0.3818
44.40625	-114.09375	0.9640	3.9392	0.2558
44.40625	-114.15625	0.9759	4.1616	0.2199
44.40625	-114.21875	0.9258	3.5702	0.2923
44.40625	-114.28125	0.8522	2.7581	0.3483
44.40625	-114.34375	0.6811	1.3295	0.5660
44.40625	-114.40625	0.6271	1.2941	0.6164
44.40625	-114.46875	0.7297	1.5286	0.5486
44.40625	-114.53125	0.6996	1.4554	0.5797
44.40625	-114.59375	0.6234	1.3630	0.6219
44.40625	-114.65625	0.6313	1.2576	0.5953
44.40625	-114.71875	0.6348	1.1907	0.6034
44.40625	-114.78125	0.6201	1.2226	0.6149
44.40625	-114.84375	0.4880	1.0339	0.6370
44.40625	-114.90625	0.3336	0.8475	0.7053
44.40625	-114.96875	0.3828	0.9081	0.6910
44.40625	-115.03125	0.4684	0.9733	0.6633
44.40625	-115.09375	0.4414	0.9221	0.6603
44.40625	-115.15625	0.4232	0.8824	0.6573
44.40625	-115.21875	0.3207	0.7159	0.7543
44.40625	-115.28125	0.3542	0.8006	0.7095
44.40625	-115.34375	0.4608	0.8851	0.6524
44.40625	-115.40625	0.4380	0.8761	0.6689
44.40625	-115.46875	0.4161	0.8716	0.6767
44.40625	-115.53125	0.4265	0.8857	0.6764
44.40625	-115.59375	0.5427	0.9777	0.6088
44.40625	-115.65625	0.4087	0.8976	0.6985
44.40625	-115.71875	0.4290	0.9056	0.6816
44.40625	-115.78125	0.6905	1.1441	0.5118
44.40625	-115.84375	0.7146	1.1927	0.4448
44.40625	-115.90625	0.5775	1.0556	0.6143
44.40625	-115.96875	0.8062	1.3636	0.4259
44.46875	-114.03125	0.8278	1.8268	0.4324
44.46875	-114.09375	0.9177	3.2185	0.2868
44.46875	-114.15625	0.9793	4.9273	0.1781
44.46875	-114.21875	0.9817	5.0490	0.1843
44.46875	-114.28125	0.8705	2.9812	0.3533
44.46875	-114.34375	0.7609	1.6544	0.4919
44.46875	-114.40625	0.6456	1.3216	0.5920
44.46875	-114.46875	0.6924	1.4795	0.6004
44.46875	-114.53125	0.6798	1.4476	0.6171
44.46875	-114.59375	0.6666	1.3534	0.6070
44.46875	-114.65625	0.5763	1.1966	0.6483
44.46875	-114.71875	0.4562	1.0402	0.6715
44.46875	-114.78125	0.3856	0.8206	0.7096
44.46875	-114.84375	0.3572	0.9067	0.6986
44.46875	-114.90625	0.3589	0.9023	0.7017
44.46875	-114.96875	0.3704	0.9071	0.7021
44.46875	-115.03125	0.4085	0.9356	0.6895
44.46875	-115.09375	0.3942	0.9038	0.6930
44.46875	-115.15625	0.2831	0.8000	0.7440
44.46875	-115.21875	0.3417	0.8034	0.7005
44.46875	-115.28125	0.3367	0.8006	0.7358
44.46875	-115.34375	0.3868	0.8379	0.6847
44.46875	-115.40625	0.3456	0.7500	0.7208
44.46875	-115.46875	0.4033	0.8372	0.6747
44.46875	-115.53125	0.2864	0.7602	0.7530
44.46875	-115.59375	0.4305	0.8817	0.6725
44.46875	-115.65625	0.3444	0.8235	0.7244
44.46875	-115.71875	0.4492	0.8971	0.6670
44.46875	-115.78125	0.5794	1.0075	0.5681
44.46875	-115.84375	0.5202	0.9489	0.6135
44.46875	-115.90625	0.6853	1.1279	0.5045
44.46875	-115.96875	0.8302	1.4310	0.3656
44.53125	-114.03125	0.8458	2.1940	0.3598
44.53125	-114.09375	0.8381	2.1847	0.4067
44.53125	-114.15625	0.9748	4.3456	0.2095
44.53125	-114.21875	0.9837	5.3772	0.1579
44.53125	-114.28125	0.9793	4.4488	0.2350
44.53125	-114.34375	0.8392	2.3249	0.3824
44.53125	-114.40625	0.7649	1.6724	0.4820
44.53125	-114.46875	0.6784	1.3871	0.5623
44.53125	-114.53125	0.6129	1.2186	0.6168
44.53125	-114.59375	0.6405	1.2949	0.6233
44.53125	-114.65625	0.6053	1.2195	0.6273
44.53125	-114.71875	0.5531	1.1454	0.6386
44.53125	-114.78125	0.5448	1.0898	0.6205
44.53125	-114.84375	0.6219	1.1696	0.5837
44.53125	-114.90625	0.5301	1.0583	0.6310
44.53125	-114.96875	0.3927	0.9084	0.6923
44.53125	-115.03125	0.4180	0.9266	0.6888
44.53125	-115.09375	0.4007	0.8821	0.6872
44.53125	-115.15625	0.2674	0.7708	0.7554
44.53125	-115.21875	0.2829	0.7323	0.7548
44.53125	-115.28125	0.4145	0.8523	0.6518
44.53125	-115.34375	0.4550	0.8902	0.6362
44.53125	-115.40625	0.3876	0.8323	0.6828
44.53125	-115.46875	0.3019	0.7718	0.7347
44.53125	-115.53125	0.2356	0.6747	0.7658
44.53125	-115.59375	0.2374	0.7060	0.7661
44.53125	-115.65625	0.3429	0.7971	0.7154
44.53125	-115.71875	0.4077	0.8658	0.6848
44.53125	-115.78125	0.4640	0.8859	0.6303
44.53125	-115.84375	0.4812	0.9191	0.6342
44.53125	-115.90625	0.7325	1.1367	0.4389
44.53125	-115.96875	0.7958	1.3828	0.3948
44.59375	-114.03125	0.9559	3.6273	0.2402
44.59375	-114.09375	0.8664	2.3931	0.3879
44.59375	-114.15625	0.9809	4.2853	0.2149
44.59375	-114.21875	0.9635	4.3244	0.2223
44.59375	-114.28125	0.9198	3.4265	0.2889
44.59375	-114.34375	0.8196	2.3083	0.3682
44.59375	-114.40625	0.7306	1.5106	0.5058
44.59375	-114.46875	0.4845	1.0683	0.6134
44.59375	-114.53125	0.5990	1.2246	0.5812
44.59375	-114.59375	0.7644	1.5285	0.5064
44.59375	-114.65625	0.6309	1.2727	0.6219
44.59375	-114.71875	0.5996	1.2082	0.6182
44.59375	-114.78125	0.7372	1.3835	0.5417
44.59375	-114.84375	0.6472	1.2189	0.5742
44.59375	-114.90625	0.4167	0.9854	0.7035
44.59375	-114.96875	0.4191	0.9201	0.6907
44.59375	-115.03125	0.4065	0.8941	0.7058
44.59375	-115.09375	0.4622	0.9263	0.6489
44.59375	-115.15625	0.3218	0.7947	0.7431
44.59375	-115.21875	0.3922	0.8343	0.6710
44.59375	-115.28125	0.4175	0.8550	0.6535
44.59375	-115.34375	0.2641	0.7209	0.7434
44.59375	-115.40625	0.2097	0.6783	0.7772
44.59375	-115.46875	0.2463	0.7043	0.7651
44.59375	-115.53125	0.3204	0.7529	0.7120
44.59375	-115.59375	0.2202	0.6941	0.7832
44.59375	-115.65625	0.5128	0.9371	0.5951
44.59375	-115.71875	0.5684	0.9912	0.5771
44.59375	-115.78125	0.4120	0.8408	0.6736
44.59375	-115.84375	0.4560	0.8694	0.6354
44.59375	-115.90625	0.5697	0.9693	0.5500
44.59375	-115.96875	0.6130	1.0484	0.5457
44.65625	-114.03125	0.9834	4.6636	0.1618
44.65625	-114.09375	0.9824	4.5854	0.1979
44.65625	-114.15625	0.9466	3.8031	0.2630
44.65625	-114.21875	0.9009	3.1251	0.3191
44.65625	-114.28125	0.8076	2.3286	0.4148
44.65625	-114.34375	0.7282	1.4597	0.5280
44.65625	-114.40625	0.6451	1.2826	0.5631
44.65625	-114.46875	0.5953	1.2081	0.5744
44.65625	-114.53125	0.6121	1.1794	0.5831
44.65625	-114.59375	0.7528	1.4868	0.5023
44.65625	-114.65625	0.7406	1.4036	0.5050
44.65625	-114.71875	0.7613	1.4257	0.4892
44.65625	-114.78125	0.7854	1.5361	0.5231
44.65625	-114.84375	0.5841	1.1432	0.6343
44.65625	-114.90625	0.6711	1.1427	0.5450
44.65625	-114.96875	0.4828	0.9131	0.6711
44.65625	-115.03125	0.5621	1.0146	0.6094
44.65625	-115.09375	0.6019	1.1018	0.5718
44.65625	-115.15625	0.5951	1.0961	0.5567
44.65625	-115.21875	0.3702	0.8500	0.7085
44.65625	-115.28125	0.3344	0.8253	0.7246
44.65625	-115.34375	0.2471	0.7368	0.7663
44.65625	-115.40625	0.2424	0.7071	0.7681
44.65625	-115.46875	0.2823	0.7379	0.7462
44.65625	-115.53125	0.3773	0.8136	0.6825
44.65625	-115.59375	0.2997	0.7514	0.7391
44.65625	-115.65625	0.6083	1.0375	0.5318
44.65625	-115.71875	0.6701	1.0893	0.5153
44.65625	-115.78125	0.4171	0.8466	0.6638
44.65625	-115.84375	0.3825	0.8251	0.7020
44.65625	-115.90625	0.5736	0.9729	0.5591
44.65625	-115.96875	0.7428	1.1502	0.4666
44.71875	-114.03125	0.9814	4.2167	0.1960
44.71875	-114.09375	0.9795	4.3974	0.2230
44.71875	-114.15625	0.8696	2.8161	0.3363
44.71875	-114.21875	0.8055	1.9842	0.4527
44.71875	-114.28125	0.8118	2.2927	0.3969
44.71875	-114.34375	0.7473	1.5547	0.5247
44.71875	-114.40625	0.5655	1.2015	0.6122
44.71875	-114.46875	0.7170	1.4415	0.5145
44.71875	-114.53125	0.7411	1.3970	0.5048
44.71875	-114.59375	0.6500	1.2286	0.5685
44.71875	-114.65625	0.6167	1.1990	0.5871
44.71875	-114.71875	0.7286	1.3305	0.5209
44.71875	-114.78125	0.7621	1.4935	0.4796
44.71875	-114.84375	0.7184	1.3443	0.5514
44.71875	-114.90625	0.7822	1.4643	0.4697
44.71875	-114.96875	0.8249	1.5494	0.4254
44.71875	-115.03125	0.7972	1.5764	0.4174
44.71875	-115.09375	0.5348	1.1062	0.6299
44.71875	-115.15625	0.6549	1.1880	0.4943
44.71875	-115.21875	0.5384	1.0273	0.5939
44.71875	-115.28125	0.4867	0.9919	0.6513
44.71875	-115.34375	0.3420	0.8438	0.7271
44.71875	-115.40625	0.2266	0.7399	0.7895
44.71875	-115.46875	0.3350	0.8086	0.7303
44.71875	-115.53125	0.4423	0.9028	0.6664
44.71875	-115.59375	0.3145	0.7787	0.7243
44.71875	-115.65625	0.4035	0.8730	0.6829
44.71875	-115.71875	0.5878	1.0379	0.5543
44.71875	-115.78125	0.3521	0.7888	0.7117
44.71875	-115.84375	0.4093	0.8550	0.6705
44.71875	-115.90625	0.5687	0.9827	0.5758
44.71875	-115.96875	0.7705	1.2149	0.4593
44.78125	-114.03125	0.9810	4.0541	0.2204
44.78125	-114.09375	0.9116	3.0636	0.3003
44.78125	-114.15625	0.8101	2.1355	0.4250
44.78125	-114.21875	0.7880	1.7469	0.5066
44.78125	-114.28125	0.7827	1.8370	0.4851
44.78125	-114.34375	0.5588	1.1867	0.6130
44.78125	-114.40625	0.6165	1.2494	0.5827
44.78125	-114.46875	0.7956	1.8150	0.4232
44.78125	-114.53125	0.7111	1.4627	0.5565
44.78125	-114.59375	0.7299	1.3619	0.5347
44.78125	-114.65625	0.5255	1.0973	0.6142
44.78125	-114.71875	0.5474	1.1375	0.6297
44.78125	-114.78125	0.7247	1.4416	0.5044
44.78125	-114.84375	0.8255	1.8371	0.3767
44.78125	-114.90625	0.7737	1.5319	0.4219
44.78125	-114.96875	0.7340	1.3886	0.5004
44.78125	-115.03125	0.6570	1.2248	0.5563
44.78125	-115.09375	0.7487	1.3947	0.4375
44.78125	-115.15625	0.6272	1.1812	0.5447
44.78125	-115.21875	0.3525	0.8937	0.7254
44.78125	-115.28125	0.3697	0.8927	0.7130
44.78125	-115.34375	0.4029	0.9062	0.6985
44.78125	-115.40625	0.3028	0.8489	0.7671
44.78125	-115.46875	0.4098	0.9220	0.7160
44.78125	-115.53125	0.6148	1.0813	0.5706
44.78125	-115.59375	0.2792	0.7744	0.7546
44.78125	-115.65625	0.4004	0.8500	0.6768
44.78125	-115.71875	0.5661	1.0575	0.5948
44.78125	-115.78125	0.3490	0.8206	0.7138
44.78125	-115.84375	0.3725	0.8108	0.6984
44.78125	-115.90625	0.5627	0.9605	0.5627
44.78125	-115.96875	0.6786	1.0868	0.5162
44.84375	-114.03125	0.8269	2.4432	0.3725
44.84375	-114.09375	0.8076	1.9781	0.4322
44.84375	-114.15625	0.7621	1.6069	0.5253
44.84375	-114.21875	0.6210	1.2762	0.6084
44.84375	-114.28125	0.6818	1.3828	0.5868
44.84375	-114.34375	0.6034	1.2680	0.6159
44.84375	-114.40625	0.7800	1.6786	0.4821
44.84375	-114.46875	0.8021	1.9809	0.4027
44.84375	-114.53125	0.7964	1.8320	0.4094
44.84375	-114.59375	0.6384	1.3226	0.5717
44.84375	-114.65625	0.6192	1.2528	0.5718
44.84375	-114.71875	0.7079	1.4945	0.5367
44.84375	-114.78125	0.8434	2.0553	0.3238
44.84375	-114.84375	0.7466	1.4029	0.4716
44.84375	-114.90625	0.5710	1.0705	0.5903
44.84375	-114.96875	0.6472	1.1693	0.5379
44.84375	-115.03125	0.6571	1.1923	0.5261
44.84375	-115.09375	0.5434	1.0216	0.5931
44.84375	-115.15625	0.3853	0.8937	0.6926
44.84375	-115.21875	0.4163	0.9491	0.6847
44.84375	-115.28125	0.4896	1.0180	0.6702
44.84375	-115.34375	0.4404	1.0204	0.7195
44.84375	-115.40625	0.4188	1.0009	0.7298
44.84375	-115.46875	0.5036	1.0457	0.6824
44.84375	-115.53125	0.5152	1.0193	0.6246
44.84375	-115.59375	0.3182	0.8464	0.7509
44.84375	-115.65625	0.5171	1.0080	0.6405
44.84375	-115.71875	0.7675	1.3048	0.4258
44.84375	-115.78125	0.4631	0.9440	0.6737
44.84375	-115.84375	0.3712	0.8333	0.7024
44.84375	-115.90625	0.3055	0.7355	0.7239
44.84375	-115.96875	0.3975	0.8103	0.6716
44.90625	-114.03125	0.8595	2.7587	0.3214
44.90625	-114.09375	0.7930	1.8262	0.4615
44.90625	-114.15625	0.6869	1.4100	0.5663
44.90625	-114.21875	0.4947	1.1226	0.6644
44.90625	-114.28125	0.6785	1.3973	0.5831
44.90625	-114.34375	0.7819	1.6833	0.4882
44.90625	-114.40625	0.7901	1.8162	0.4546
44.90625	-114.46875	0.7306	1.5109	0.5303
44.90625	-114.53125	0.7247	1.4508	0.5592
44.90625	-114.59375	0.7996	1.7923	0.4217
44.90625	-114.65625	0.7910	1.7425	0.4294
44.90625	-114.71875	0.8389	2.1184	0.2992
44.90625	-114.78125	0.8128	1.8223	0.4424
44.90625	-114.84375	0.6313	1.1755	0.5634
44.90625	-114.90625	0.4131	0.9326	0.6679
44.90625	-114.96875	0.4557	0.9468	0.6445
44.90625	-115.03125	0.4916	0.9978	0.6410
44.90625	-115.09375	0.5329	1.0359	0.6016
44.90625	-115.15625	0.3336	0.8485	0.7196
44.90625	-115.21875	0.3128	0.8235	0.7233
44.90625	-115.28125	0.3827	0.8200	0.7432
44.90625	-115.34375	0.5072	1.0765	0.6826
44.90625	-115.40625	0.4435	1.0496	0.7309
44.90625	-115.46875	0.6112	1.1328	0.5933
44.90625	-115.53125	0.4472	1.0089	0.6985
44.90625	-115.59375	0.5211	1.0308	0.6518
44.90625	-115.65625	0.6112	1.1258	0.6082
44.90625	-115.71875	0.8171	1.3781	0.3515
44.90625	-115.78125	0.7363	1.1921	0.4652
44.90625	-115.84375	0.3860	0.8366	0.6799
44.90625	-115.90625	0.3145	0.7360	0.7235
44.90625	-115.96875	0.4636	0.8764	0.6376
44.96875	-114.03125	0.7504	1.6111	0.5109
44.96875	-114.09375	0.6337	1.2926	0.5859
44.96875	-114.15625	0.6297	1.3018	0.5967
44.96875	-114.21875	0.5846	1.2589	0.6281
44.96875	-114.28125	0.7705	1.6469	0.4820
44.96875	-114.34375	0.8134	1.8739	0.4195
44.96875	-114.40625	0.7661	1.6278	0.5128
44.96875	-114.46875	0.7651	1.6292	0.5158
44.96875	-114.53125	0.7842	1.6769	0.4880
44.96875	-114.59375	0.7595	1.5012	0.4893
44.96875	-114.65625	0.6456	1.2854	0.5884
44.96875	-114.71875	0.8376	2.1638	0.3036
44.96875	-114.78125	0.8201	1.8151	0.3966
44.96875	-114.84375	0.5941	1.1240	0.5693
44.96875	-114.90625	0.3547	0.8668	0.6782
44.96875	-114.96875	0.4113	0.8871	0.6614
44.96875	-115.03125	0.4454	0.9125	0.6436
44.96875	-115.09375	0.3757	0.8510	0.6864
44.96875	-115.15625	0.4066	0.9012	0.6732
44.96875	-115.21875	0.2993	0.8080	0.7190
44.96875	-115.28125	0.3353	0.8611	0.7214
44.96875	-115.34375	0.4939	1.0323	0.6681
44.96875	-115.40625	0.5612	1.0728	0.6175
44.96875	-115.46875	0.6019	1.1039	0.5675
44.96875	-115.53125	0.6075	1.1333	0.5709
44.96875	-115.59375	0.6697	1.1958	0.5560
44.96875	-115.65625	0.7560	1.3046	0.4745
44.96875	-115.71875	0.8105	1.3760	0.3966
44.96875	-115.78125	0.7515	1.2590	0.4759
44.96875	-115.84375	0.3704	0.8441	0.7146
44.96875	-115.90625	0.2945	0.7360	0.7383
44.96875	-115.96875	0.3203	0.7233	0.7010
